Board size   Smallest        #combs   Solution
  1 x   1       1                 2   (1,1)
  2 x   2       1                 5   (1,1)
  3 x   3       1                10   (2,2)
  4 x   4       2               113   (1,1) (3,3)
  5 x   5       3             1,526   (1,1) (2,2) (4,4)
  6 x   6       3             4,897   (1,1) (3,5) (5,3)
  7 x   7       4            97,119   (1,1) (2,2) (4,6) (6,4)
  8 x   8       5         2,152,257   (1,1) (2,2) (3,3) (5,7) (7,5)
  9 x   9       5         8,331,094   (1,1) (2,3) (3,7) (6,2) (7,6)
 10 x  10       5        27,424,609   (1,3) (3,9) (5,5) (7,1) (9,7)
 11 x  11       5        79,463,486   (2,4) (4,10) (6,6) (8,2) (10,8)
 12 x  12       6     2,966,778,289
